overall.csv: 4.647849
nbzip2.csv: 0.278856
nh264ref.csv: 0.058616
nomnetpp.csv: 0.053887
bzip2.csv: 0.278856
cactusadm.csv: 0.000000
gromac.csv: 0.022674
h264ref.csv: 0.058616
lbm.csv: 0.017967
leslie3d.csv: 0.059578
mcf.csv: 0.152487
omnetpp.csv: 0.053887
perlbench.csv: 0.068386