MEAN =

    2.4687


MEDIAN =

    2.8733


STD =

    1.0655


VAR =

    1.1353


PERR =

  6.8749e-006